Gold, corrected for surface damping (Weaver et al., 1981)
1 2 3 0 0 = columns for wave, Re(n), Im(n), eps1, eps2
wave(um) Re(n)  Im(n)    eps1   eps2
   12.400000000000000        6.2941690795585687        47.395312970792133       -5336.39111       922.992859    
   8.2699999999999996        4.9578192659661786        31.135681289546561       -2375.47168       485.770325    
   6.2000000000000002        4.1651046458627583        23.667400395099673       -1399.11011       313.514618    
   4.9600000000000000        3.3860165945045342        19.319679419137383       -931.526550       207.956741    
   4.1299999999999999        2.7183645594489256        16.527538626144924       -673.394287       141.854233    
   3.5400000000000000        2.2046794338060853        14.451725955879649       -507.822479       99.8389359    
   3.1000000000000001        1.8099149223337092        12.864887336283056       -396.868744       72.4096756    
   2.7599999999999998        1.4999417818602845        11.585134790544453       -317.580353       53.6493073    
   2.4800000000000000        1.2604135884638661        10.534890575478219       -259.524597       40.7340431    
   2.2500000000000000        1.0698995537010882        9.6523338340046703       -215.544342       31.4986153    
   2.0699999999999998       0.92471792825334187        8.8984241966919129       -181.637711       24.9840107    
   1.9099999999999999       0.80088893289288277        8.2508599295819636       -154.843689       19.9731560    
   1.7700000000000000       0.70993131568554180        7.6804801646471850       -133.401871       16.4303246    
   1.6499999999999999       0.62291968672702347        7.1713697686657563       -115.492203       13.4111719    
   1.5500000000000000       0.56799995145966908        6.7246926379677552       -101.246513       11.4487791    
   1.4600000000000000       0.50783436565906914        6.3370112655074804       -89.4177322       9.61810017    
   1.3799999999999999       0.46412039667646587        5.9830611169857040       -79.4481888       8.28496361    
   1.3100000000000001       0.42715027876899275        5.6499838212214959       -70.6707382       7.19101858    
   1.2400000000000000       0.38886729513345064        5.3596830209707269       -63.3474274       6.19745874    
  0.82699999999999996       0.20711839069984686        3.3613834984128306       -24.5669613       2.05495930    
  0.62000000000000000       0.21534881965853025        2.0773209659429543       -9.89581776       1.35804319    
