Cellulose, from Niskaren et al., DOI:10.1016/j.qsrt.2019.06.23
1 2 3 0 0 = columns for wave, Re(n), Im(n), eps1, eps2
wave(um) Re(n)  Im(n)    eps1   eps2
0.400	1.508048389	0.001940356
0.410	1.50698573	0.001909657
0.420	1.506049728	0.001882672
0.430	1.504894934	0.001861057
0.440	1.503937864	0.001845197
0.450	1.50293248	0.001832785
0.460	1.501823246	0.001823665
0.470	1.5009798	0.001817869
0.480	1.500206013	0.001817063
0.490	1.49930823	0.00182757
0.500	1.498468972	0.001829685
0.510	1.497683206	0.001826667
0.520	1.496946428	0.001826017
0.530	1.496440723	0.001830454
0.540	1.495789962	0.001831934
0.550	1.495177284	0.001840396
0.560	1.494599744	0.001848352
0.570	1.494054675	0.001860357
0.580	1.493539663	0.001870022
0.590	1.493237226	0.001881585
0.600	1.492775757	0.001891303
0.610	1.492338348	0.001903246
0.620	1.491923339	0.001918196
0.630	1.491345206	0.001932221
0.640	1.490970722	0.001959446
0.650	1.490614443	0.00200041
0.660	1.490091633	0.001998076
0.670	1.489585045	0.002002163
0.680	1.489093665	0.002012416
0.690	1.488799739	0.002022161
0.700	1.488335925	0.002032632
